0	0	82.000000	97.000000
1	2	27.000000	27.000000
2	3	71.000000	71.000000
3	1	3.000000	33.000000
4	1	51.000000	43.000000
5	0	73.000000	54.000000
6	2	20.000000	51.000000
7	1	41.000000	25.000000
8	3	26.000000	54.000000
9	0	38.000000	75.000000
10	3	96.000000	17.000000
11	2	66.000000	40.000000
12	2	20.000000	28.000000
13	2	98.000000	49.000000
14	3	22.000000	3.000000
15	2	75.000000	31.000000
16	0	76.000000	49.000000
17	1	61.000000	99.000000
18	1	44.000000	49.000000
19	3	50.000000	88.000000
20	3	29.000000	98.000000
21	2	71.000000	14.000000
22	0	81.000000	63.000000
23	2	50.000000	37.000000
24	3	38.000000	78.000000
25	0	46.000000	9.000000
26	3	42.000000	35.000000
27	0	29.000000	24.000000
28	3	15.000000	91.000000
29	1	74.000000	7.000000
30	0	7.000000	62.000000
31	1	13.000000	76.000000
32	1	82.000000	21.000000
33	3	89.000000	0.000000
34	2	46.000000	28.000000
35	3	20.000000	46.000000
36	0	57.000000	13.000000
37	1	14.000000	23.000000
38	0	10.000000	10.000000
39	3	60.000000	77.000000
40	3	27.000000	55.000000
41	0	6.000000	18.000000
42	3	75.000000	2.000000
43	0	35.000000	30.000000
44	2	25.000000	11.000000
45	2	12.000000	27.000000
46	3	67.000000	44.000000
47	3	46.000000	49.000000
48	0	87.000000	43.000000
49	0	31.000000	90.000000
50	0	80.000000	63.000000
51	0	57.000000	7.000000
52	2	99.000000	67.000000
53	3	20.000000	8.000000
54	1	79.000000	55.000000
55	3	86.000000	63.000000
56	0	54.000000	22.000000
57	3	77.000000	68.000000
58	0	56.000000	2.000000
59	0	46.000000	29.000000
60	0	51.000000	6.000000
61	3	69.000000	33.000000
62	0	21.000000	98.000000
63	0	36.000000	27.000000
64	1	42.000000	59.000000
65	3	98.000000	47.000000
66	3	82.000000	75.000000
67	1	45.000000	78.000000
68	3	54.000000	24.000000
69	1	3.000000	57.000000
70	3	54.000000	13.000000
71	0	20.000000	11.000000
72	0	22.000000	88.000000
73	2	63.000000	14.000000
74	3	92.000000	15.000000
75	2	38.000000	53.000000
76	2	24.000000	32.000000
77	3	20.000000	39.000000
78	0	46.000000	60.000000
79	1	39.000000	13.000000
80	1	25.000000	58.000000
81	3	88.000000	72.000000
82	1	49.000000	44.000000
83	0	68.000000	14.000000
84	3	72.000000	6.000000
85	3	9.000000	32.000000
86	2	29.000000	32.000000
87	1	69.000000	54.000000
88	0	54.000000	37.000000
89	2	28.000000	23.000000
90	2	25.000000	26.000000
91	3	68.000000	85.000000
92	2	67.000000	83.000000
93	2	41.000000	55.000000
94	3	2.000000	21.000000
95	0	88.000000	13.000000
96	1	53.000000	16.000000
97	1	75.000000	66.000000
98	3	84.000000	45.000000
99	0	51.000000	13.000000
